d500 00 0.10 0 0.0
d501 01 0.10 0 0.0
d502 02 0.10 0 0.0
d503 03 0.10 0 0.0
d504 04 0.10 0 0.0
d505 05 0.10 0 0.0
d506 06 0.10 0 0.0
d507 07 0.10 0 0.0
d508 08 0.10 0 0.0
d509 09 0.10 0 0.0
d510 10 0.10 0 0.0
d511 11 0.10 0 0.0
d512 12 0.10 0 0.0
d513 13 0.10 14 16.066348552703857
d514 14 0.10 0 0.0
d515 15 0.10 0 0.0
d516 16 0.10 14 27.373328804969788
d517 17 0.10 15 27.215179800987244
d518 18 0.10 0 0.0
d519 19 0.10 0 0.0
d520 20 0.10 0 0.0
d521 21 0.10 0 0.0
d522 22 0.10 0 0.0
d523 23 0.10 0 0.0
d524 24 0.10 0 0.0
d525 25 0.10 0 0.0
d700 00 0.20 0 0.0
d701 01 0.20 0 0.0
d702 02 0.20 0 0.0
d703 03 0.20 0 0.0
d704 04 0.20 0 0.0
d705 05 0.20 0 0.0
d706 06 0.20 0 0.0
d707 07 0.20 0 0.0
d708 08 0.20 0 0.0
d709 09 0.20 0 0.0
d710 10 0.20 0 0.0
d711 11 0.20 0 0.0
d712 12 0.20 0 0.0
d713 13 0.20 0 0.0
d714 14 0.20 0 0.0
d715 15 0.20 0 0.0
d716 16 0.20 14 50.0926673412323
d717 17 0.20 15 64.22428488731384
d718 18 0.20 0 0.0
d719 19 0.20 0 0.0
d720 20 0.20 0 0.0
d721 21 0.20 0 0.0
d722 22 0.20 0 0.0
d723 23 0.20 0 0.0
d724 24 0.20 0 0.0
d725 25 0.20 0 0.0
d726 26 0.20 0 0.0
d727 27 0.20 0 0.0
d728 28 0.20 0 0.0
d729 29 0.20 0 0.0
d730 30 0.20 0 0.0
d731 31 0.20 0 0.0
d732 32 0.20 0 0.0
d900 00 0.30 0 0.0
d901 01 0.30 0 0.0
d902 02 0.30 0 0.0
d903 03 0.30 0 0.0
d904 04 0.30 0 0.0
d905 05 0.30 0 0.0
d906 06 0.30 0 0.0
d907 07 0.30 0 0.0
d908 08 0.30 0 0.0
d909 09 0.30 0 0.0
d910 10 0.30 0 0.0
d911 11 0.30 0 0.0
d912 12 0.30 0 0.0
d913 13 0.30 0 0.0
d914 14 0.30 18 68.00929307937622
d915 15 0.30 12 65.1652991771698
d916 16 0.30 13 72.19299077987671
d917 17 0.30 13 77.46388912200928
d918 18 0.30 0 0.0
d919 19 0.30 0 0.0
d920 20 0.30 0 0.0
d921 21 0.30 0 0.0
d922 22 0.30 0 0.0
d923 23 0.30 0 0.0
d924 24 0.30 0 0.0
d925 25 0.30 0 0.0
d926 26 0.30 0 0.0
d927 27 0.30 0 0.0
d928 28 0.30 0 0.0
d929 29 0.30 0 0.0
d930 30 0.30 0 0.0
d931 31 0.30 0 0.0
d932 32 0.30 0 0.0
d933 33 0.30 0 0.0
d934 34 0.30 0 0.0
d935 35 0.30 0 0.0
d936 36 0.30 0 0.0
d937 37 0.30 0 0.0
d938 38 0.30 0 0.0
d939 39 0.30 0 0.0
d940 40 0.30 0 0.0
d1100 00 0.40 0 0.0
d1101 01 0.40 0 0.0
d1102 02 0.40 0 0.0
d1103 03 0.40 0 0.0
d1104 04 0.40 0 0.0
d1105 05 0.40 0 0.0
d1106 06 0.40 0 0.0
d1107 07 0.40 0 0.0
d1108 08 0.40 0 0.0
d1109 09 0.40 0 0.0
d1110 10 0.40 0 0.0
d1111 11 0.40 0 0.0
d1112 12 0.40 0 0.0
d1113 13 0.40 0 0.0
d1114 14 0.40 12 74.4663655757904
d1115 15 0.40 11 73.29254150390625
d1116 16 0.40 12 79.30006980895996
d1117 17 0.40 13 82.55109190940857
d1118 18 0.40 0 0.0
d1119 19 0.40 0 0.0
d1120 20 0.40 0 0.0
d1121 21 0.40 0 0.0
d1122 22 0.40 0 0.0
d1123 23 0.40 0 0.0
d1124 24 0.40 0 0.0
d1125 25 0.40 0 0.0
d1126 26 0.40 0 0.0
d1127 27 0.40 0 0.0
d1128 28 0.40 0 0.0
d1129 29 0.40 35 64.40922617912292
d1130 30 0.40 40 69.96970176696777
d1131 31 0.40 0 0.0
d1132 32 0.40 0 0.0
d1133 33 0.40 0 0.0
d1134 34 0.40 0 0.0
d1135 35 0.40 0 0.0
d1136 36 0.40 0 0.0
d1137 37 0.40 0 0.0
d1138 38 0.40 0 0.0
d1139 39 0.40 0 0.0
d1140 40 0.40 0 0.0
d1141 41 0.40 0 0.0
d1142 42 0.40 26 83.44652056694031
d1143 43 0.40 26 84.30273532867432
d1144 44 0.40 28 79.09904718399048
d1145 45 0.40 31 68.74334812164307
d1146 46 0.40 0 0.0
d1147 47 0.40 0 0.0
d1148 48 0.40 35 68.1686282157898
d1149 49 0.40 0 0.0
d1150 50 0.40 0 0.0
d526 26 0.10 0 0.0
d527 27 0.10 0 0.0
d528 28 0.10 0 0.0
d529 29 0.10 0 0.0
d530 30 0.10 0 0.0
d531 31 0.10 0 0.0
d532 32 0.10 0 0.0
d533 33 0.10 0 0.0
d534 34 0.10 0 0.0
d535 35 0.10 0 0.0
d536 36 0.10 0 0.0
d537 37 0.10 0 0.0
d538 38 0.10 0 0.0
d539 39 0.10 0 0.0
d540 40 0.10 0 0.0
d541 41 0.10 0 0.0
d542 42 0.10 36 22.784066200256348
d543 43 0.10 31 23.521676659584045
d544 44 0.10 0 0.0
d545 45 0.10 0 0.0
d546 46 0.10 0 0.0
d547 47 0.10 0 0.0
d548 48 0.10 0 0.0
d549 49 0.10 0 0.0
d550 50 0.10 0 0.0
d551 51 0.10 0 0.0
d552 52 0.10 0 0.0
d553 53 0.10 0 0.0
d554 54 0.10 0 0.0
d555 55 0.10 0 0.0
d556 56 0.10 42 7.719472795724869
d557 57 0.10 0 0.0
d558 58 0.10 0 0.0
d559 59 0.10 0 0.0
d734 34 0.20 0 0.0
d735 35 0.20 0 0.0
d736 36 0.20 0 0.0
d737 37 0.20 0 0.0
d738 38 0.20 0 0.0
d739 39 0.20 0 0.0
d740 40 0.20 0 0.0
d741 41 0.20 0 0.0
d742 42 0.20 0 0.0
d743 43 0.20 32 49.123939871788025
d744 44 0.20 0 0.0
d745 45 0.20 0 0.0
d746 46 0.20 0 0.0
d747 47 0.20 40 33.17708671092987
d748 48 0.20 0 0.0
d749 49 0.20 0 0.0
d750 50 0.20 0 0.0
d751 51 0.20 0 0.0
d752 52 0.20 0 0.0
d753 53 0.20 0 0.0
d754 54 0.20 0 0.0
d755 55 0.20 0 0.0
d756 56 0.20 0 0.0
d757 57 0.20 0 0.0
d758 58 0.20 0 0.0
d759 59 0.20 0 0.0
d760 60 0.20 0 0.0
d761 61 0.20 0 0.0
d762 62 0.20 0 0.0
d763 63 0.20 0 0.0
d764 64 0.20 0 0.0
d765 65 0.20 0 0.0
d766 66 0.20 0 0.0
d767 67 0.20 0 0.0
d941 41 0.30 0 0.0
d942 42 0.30 27 74.7887909412384
d943 43 0.30 0 0.0
d944 44 0.30 28 72.19237685203552
d945 45 0.30 35 57.25483298301697
d946 46 0.30 32 60.16888618469238
d947 47 0.30 0 0.0
d948 48 0.30 37 34.04415249824524
d949 49 0.30 0 0.0
d950 50 0.30 0 0.0
d951 51 0.30 0 0.0
d952 52 0.30 0 0.0
d953 53 0.30 0 0.0
d954 54 0.30 0 0.0
d955 55 0.30 0 0.0
d956 56 0.30 0 0.0
d957 57 0.30 0 0.0
d958 58 0.30 0 0.0
d959 59 0.30 0 0.0
d960 60 0.30 0 0.0
d961 61 0.30 0 0.0
d962 62 0.30 0 0.0
d963 63 0.30 0 0.0
d964 64 0.30 0 0.0
d965 65 0.30 0 0.0
d966 66 0.30 0 0.0
d967 67 0.30 0 0.0
d968 68 0.30 0 0.0
d969 69 0.30 0 0.0
d970 70 0.30 0 0.0
d971 71 0.30 0 0.0
d972 72 0.30 0 0.0
d973 73 0.30 0 0.0
d1151 51 0.40 0 0.0
d1152 52 0.40 0 0.0
d1153 53 0.40 0 0.0
d1154 54 0.40 0 0.0
d1155 55 0.40 0 0.0
d1156 56 0.40 0 0.0
d1157 57 0.40 0 0.0
d1158 58 0.40 0 0.0
d1159 59 0.40 0 0.0
d1160 60 0.40 0 0.0
d1161 61 0.40 0 0.0
d1162 62 0.40 39 50.541871786117554
d1163 63 0.40 0 0.0
d1164 64 0.40 0 0.0
d1165 65 0.40 0 0.0
d1166 66 0.40 0 0.0
d1167 67 0.40 0 0.0
d1168 68 0.40 0 0.0
d1169 69 0.40 0 0.0
d1170 70 0.40 0 0.0
d1171 71 0.40 0 0.0
d1172 72 0.40 0 0.0
d1173 73 0.40 0 0.0
d1174 74 0.40 0 0.0
d1175 75 0.40 0 0.0
d1176 76 0.40 0 0.0
d1177 77 0.40 0 0.0
d1178 78 0.40 0 0.0
d560 60 0.10 0 0.0
d561 61 0.10 0 0.0
d562 62 0.10 0 0.0
d563 63 0.10 0 0.0
d564 64 0.10 0 0.0
d565 65 0.10 0 0.0
d566 66 0.10 0 0.0
d567 67 0.10 0 0.0
d568 68 0.10 0 0.0
d569 69 0.10 0 0.0
d570 70 0.10 0 0.0
d571 71 0.10 0 0.0
d572 72 0.10 0 0.0
d573 73 0.10 0 0.0
d574 74 0.10 0 0.0
d575 75 0.10 0 0.0
d576 76 0.10 0 0.0
d577 77 0.10 0 0.0
d578 78 0.10 0 0.0
d579 79 0.10 0 0.0
d580 80 0.10 0 0.0
d581 81 0.10 0 0.0
d582 82 0.10 0 0.0
d583 83 0.10 0 0.0
d767 67 0.20 0 0.0
d768 68 0.20 0 0.0
d769 69 0.20 0 0.0
d770 70 0.20 0 0.0
d771 71 0.20 0 0.0
d772 72 0.20 0 0.0
d773 73 0.20 0 0.0
d774 74 0.20 0 0.0
d775 75 0.20 0 0.0
d776 76 0.20 0 0.0
d777 77 0.20 0 0.0
d778 78 0.20 0 0.0
d779 79 0.20 0 0.0
d780 80 0.20 0 0.0
d781 81 0.20 0 0.0
d782 82 0.20 0 0.0
d783 83 0.20 0 0.0
d784 84 0.20 0 0.0
d785 85 0.20 0 0.0
d786 86 0.20 0 0.0
d974 74 0.30 0 0.0
d975 75 0.30 0 0.0
d976 76 0.30 0 0.0
d977 77 0.30 0 0.0
d978 78 0.30 0 0.0
d979 79 0.30 0 0.0
d980 80 0.30 0 0.0
d981 81 0.30 0 0.0
d982 82 0.30 0 0.0
d983 83 0.30 0 0.0
d984 84 0.30 0 0.0
d985 85 0.30 0 0.0
d986 86 0.30 0 0.0
d987 87 0.30 0 0.0
d988 88 0.30 0 0.0
d989 89 0.30 0 0.0
d990 90 0.30 0 0.0
d991 91 0.30 0 0.0
d1179 79 0.40 0 0.0
d1180 80 0.40 0 0.0
d1181 81 0.40 0 0.0
d1182 82 0.40 0 0.0
d1183 83 0.40 0 0.0
d1184 84 0.40 0 0.0
d1185 85 0.40 0 0.0
d1186 86 0.40 0 0.0
d1187 87 0.40 0 0.0
d1188 88 0.40 0 0.0
d1189 89 0.40 0 0.0
d1190 90 0.40 0 0.0
d1191 91 0.40 0 0.0
d1192 92 0.40 0 0.0
d1193 93 0.40 0 0.0
d1194 94 0.40 0 0.0
d1195 95 0.40 0 0.0
d584 84 0.10 0 0.0
d585 85 0.10 0 0.0
d586 86 0.10 0 0.0
d587 87 0.10 0 0.0
d588 88 0.10 0 0.0
d589 89 0.10 0 0.0
d590 90 0.10 0 0.0
d591 91 0.10 0 0.0
d592 92 0.10 0 0.0
d593 93 0.10 0 0.0
d594 94 0.10 0 0.0
d595 95 0.10 0 0.0
d596 96 0.10 0 0.0
d597 97 0.10 0 0.0
d598 98 0.10 0 0.0
d599 99 0.10 0 0.0
d600 00 0.15 0 0.0
d601 01 0.15 0 0.0
d602 02 0.15 0 0.0
d603 03 0.15 0 0.0
d604 04 0.15 0 0.0
d605 05 0.15 0 0.0
d787 87 0.20 0 0.0
d788 88 0.20 0 0.0
d789 89 0.20 0 0.0
d790 90 0.20 0 0.0
d791 91 0.20 0 0.0
d792 92 0.20 0 0.0
d793 93 0.20 0 0.0
d794 94 0.20 0 0.0
d795 95 0.20 0 0.0
d796 96 0.20 0 0.0
d797 97 0.20 0 0.0
d798 98 0.20 0 0.0
d799 99 0.20 0 0.0
d800 00 0.25 0 0.0
d801 01 0.25 0 0.0
d802 02 0.25 0 0.0
d803 03 0.25 0 0.0
d804 04 0.25 0 0.0
d805 05 0.25 0 0.0
d806 06 0.25 0 0.0
d807 07 0.25 0 0.0
d808 08 0.25 0 0.0
d809 09 0.25 0 0.0
d992 92 0.30 0 0.0
d993 93 0.30 0 0.0
d994 94 0.30 0 0.0
d995 95 0.30 0 0.0
d996 96 0.30 0 0.0
d997 97 0.30 0 0.0
d998 98 0.30 0 0.0
d999 99 0.30 0 0.0
d1000 00 0.35 0 0.0
d1001 01 0.35 0 0.0
d1002 02 0.35 0 0.0
d1003 03 0.35 0 0.0
d1004 04 0.35 0 0.0
d1005 05 0.35 0 0.0
d1006 06 0.35 0 0.0
d1007 07 0.35 0 0.0
d1008 08 0.35 0 0.0
d1009 09 0.35 0 0.0
d1010 10 0.35 0 0.0
d1011 11 0.35 0 0.0
d1012 12 0.35 0 0.0
d1013 13 0.35 0 0.0
d1196 96 0.40 0 0.0
d1197 97 0.40 0 0.0
d1198 98 0.40 61 46.033793687820435
d1199 99 0.40 0 0.0
d1200 00 0.45 51 60.29091477394104
d1201 01 0.45 0 0.0
d1202 02 0.45 0 0.0
d1203 03 0.45 0 0.0
d1204 04 0.45 0 0.0
d1205 05 0.45 0 0.0
d1206 06 0.45 0 0.0
d1207 07 0.45 0 0.0
d1208 08 0.45 0 0.0
d1209 09 0.45 0 0.0
d1210 10 0.45 0 0.0
d1211 11 0.45 0 0.0
d1212 12 0.45 0 0.0
d1213 13 0.45 0 0.0
d1214 14 0.45 12 81.71155452728271
d1215 15 0.45 11 76.75930261611938
d1216 16 0.45 12 81.11256957054138
d1217 17 0.45 12 84.48633551597595
d1218 18 0.45 0 0.0
d1219 19 0.45 0 0.0
d400 00 0.05 0 0.0
d401 01 0.05 0 0.0
d402 02 0.05 0 0.0
d403 03 0.05 0 0.0
d404 04 0.05 0 0.0
d405 05 0.05 0 0.0
d406 06 0.05 0 0.0
d407 07 0.05 0 0.0
d408 08 0.05 0 0.0
d409 09 0.05 0 0.0
d410 10 0.05 0 0.0
d411 11 0.05 0 0.0
d412 12 0.05 0 0.0
d413 13 0.05 0 0.0
d414 14 0.05 0 0.0
d415 15 0.05 0 0.0
d416 16 0.05 0 0.0
d417 17 0.05 0 0.0
d418 18 0.05 0 0.0
d419 19 0.05 17 15.555614233016968
d420 20 0.05 0 0.0
d421 21 0.05 0 0.0
d422 22 0.05 0 0.0
d423 23 0.05 0 0.0
d606 06 0.15 0 0.0
d607 07 0.15 0 0.0
d608 08 0.15 0 0.0
d609 09 0.15 0 0.0
d610 10 0.15 0 0.0
d611 11 0.15 0 0.0
d612 12 0.15 0 0.0
d613 13 0.15 0 0.0
d614 14 0.15 0 0.0
d615 15 0.15 14 49.011680483818054
d616 16 0.15 13 60.63660383224487
d617 17 0.15 15 66.39553904533386
d618 18 0.15 0 0.0
d619 19 0.15 0 0.0
d620 20 0.15 0 0.0
d621 21 0.15 0 0.0
d622 22 0.15 0 0.0
d623 23 0.15 0 0.0
d624 24 0.15 0 0.0
d625 25 0.15 0 0.0
d626 26 0.15 52 6.860623508691788
d627 27 0.15 0 0.0
d810 10 0.25 0 0.0
d811 11 0.25 51 34.952929615974426
d812 12 0.25 0 0.0
d813 13 0.25 0 0.0
d814 14 0.25 0 0.0
d815 15 0.25 0 0.0
d816 16 0.25 12 63.3295476436615
d817 17 0.25 14 64.20007348060608
d818 18 0.25 0 0.0
d819 19 0.25 0 0.0
d820 20 0.25 0 0.0
d821 21 0.25 0 0.0
d822 22 0.25 0 0.0
d823 23 0.25 0 0.0
d824 24 0.25 0 0.0
d825 25 0.25 0 0.0
d826 26 0.25 0 0.0
d827 27 0.25 0 0.0
d828 28 0.25 0 0.0
d829 29 0.25 0 0.0
d830 30 0.25 0 0.0
d831 31 0.25 0 0.0
d832 32 0.25 0 0.0
d1014 14 0.35 13 71.39920592308044
d1015 15 0.35 11 59.48556661605835
d1016 16 0.35 12 69.8957085609436
d1017 17 0.35 13 72.217458486557
d1018 18 0.35 0 0.0
d1019 19 0.35 0 0.0
d1020 20 0.35 0 0.0
d1021 21 0.35 0 0.0
d1022 22 0.35 0 0.0
d1023 23 0.35 0 0.0
d1024 24 0.35 0 0.0
d1025 25 0.35 0 0.0
d1026 26 0.35 0 0.0
d1027 27 0.35 0 0.0
d1028 28 0.35 0 0.0
d1029 29 0.35 0 0.0
d1030 30 0.35 0 0.0
d1031 31 0.35 0 0.0
d1032 32 0.35 0 0.0
d1033 33 0.35 0 0.0
d1034 34 0.35 0 0.0
d1035 35 0.35 0 0.0
d1036 36 0.35 0 0.0
d1037 37 0.35 0 0.0
d1220 20 0.45 0 0.0
d1221 21 0.45 0 0.0
d1222 22 0.45 0 0.0
d1223 23 0.45 0 0.0
d1224 24 0.45 0 0.0
d1225 25 0.45 0 0.0
d1229 29 0.45 0 0.0
d1230 30 0.45 41 68.71941685676575
d1231 31 0.45 0 0.0
d1232 32 0.45 0 0.0
d1233 33 0.45 0 0.0
d1234 34 0.45 0 0.0
d1236 36 0.45 0 0.0
d1237 37 0.45 0 0.0
d1238 38 0.45 0 0.0
d1239 39 0.45 0 0.0
d1240 40 0.45 0 0.0
d1241 41 0.45 0 0.0
d1242 42 0.45 25 78.24299931526184
d424 24 0.05 0 0.0
d425 25 0.05 0 0.0
d426 26 0.05 0 0.0
d427 27 0.05 0 0.0
d428 28 0.05 0 0.0
d429 29 0.05 0 0.0
d430 30 0.05 0 0.0
d431 31 0.05 0 0.0
d432 32 0.05 0 0.0
d437 37 0.05 0 0.0
d438 38 0.05 0 0.0
d439 39 0.05 0 0.0
d440 40 0.05 0 0.0
d441 41 0.05 0 0.0
d442 42 0.05 0 0.0
d443 43 0.05 30 10.497085005044937
d444 44 0.05 36 7.023347169160843
d445 45 0.05 48 5.087766796350479
d628 28 0.15 0 0.0
d629 29 0.15 0 0.0
d630 30 0.15 0 0.0
d631 31 0.15 0 0.0
d632 32 0.15 0 0.0
d633 33 0.15 0 0.0
d634 34 0.15 0 0.0
d635 35 0.15 0 0.0
d636 36 0.15 0 0.0
d637 37 0.15 0 0.0
d638 38 0.15 0 0.0
d639 39 0.15 0 0.0
d640 40 0.15 0 0.0
d641 41 0.15 0 0.0
d642 42 0.15 35 30.704376101493835
d643 43 0.15 34 24.436987936496735
d644 44 0.15 0 0.0
d645 45 0.15 0 0.0
d646 46 0.15 0 0.0
d647 47 0.15 0 0.0
d648 48 0.15 0 0.0
d649 49 0.15 0 0.0
d650 50 0.15 0 0.0
d651 51 0.15 0 0.0
d833 33 0.25 0 0.0
d834 34 0.25 0 0.0
d835 35 0.25 0 0.0
d836 36 0.25 0 0.0
d837 37 0.25 0 0.0
d838 38 0.25 0 0.0
d839 39 0.25 0 0.0
d840 40 0.25 0 0.0
d841 41 0.25 0 0.0
d842 42 0.25 0 0.0
d843 43 0.25 0 0.0
d844 44 0.25 0 0.0
d845 45 0.25 0 0.0
d846 46 0.25 34 40.88177978992462
d847 47 0.25 0 0.0
d848 48 0.25 0 0.0
d849 49 0.25 0 0.0
d850 50 0.25 0 0.0
d851 51 0.25 0 0.0
d852 52 0.25 0 0.0
d853 53 0.25 0 0.0
d854 54 0.25 0 0.0
d855 55 0.25 0 0.0
d856 56 0.25 35 40.46086072921753
d1038 38 0.35 0 0.0
d1039 39 0.35 0 0.0
d1040 40 0.35 0 0.0
d1041 41 0.35 0 0.0
d1042 42 0.35 0 0.0
d1043 43 0.35 26 77.14671492576599
d1044 44 0.35 28 73.4692633152008
d1045 45 0.35 31 58.80723595619202
d1046 46 0.35 35 60.22602319717407
d1047 47 0.35 0 0.0
d1048 48 0.35 0 0.0
d1049 49 0.35 0 0.0
d1050 50 0.35 0 0.0
d1051 51 0.35 0 0.0
d1052 52 0.35 0 0.0
d1053 53 0.35 0 0.0
d1054 54 0.35 0 0.0
d1055 55 0.35 0 0.0
d1056 56 0.35 0 0.0
d1057 57 0.35 32 71.58501744270325
d1058 58 0.35 0 0.0
d1059 59 0.35 0 0.0
d1060 60 0.35 0 0.0
d1243 43 0.45 28 85.431969165802
d1244 44 0.45 28 80.82770705223083
d1245 45 0.45 30 71.08488082885742
d1246 46 0.45 29 73.15896153450012
d1247 47 0.45 0 0.0
d1248 48 0.45 0 0.0
d1249 49 0.45 0 0.0
d1250 50 0.45 0 0.0
d1251 51 0.45 0 0.0
d1252 52 0.45 0 0.0
d1253 53 0.45 0 0.0
d1254 54 0.45 0 0.0
d1255 55 0.45 0 0.0
d1256 56 0.45 0 0.0
d1257 57 0.45 34 67.57142543792725
d1258 58 0.45 32 40.90514779090881
d1259 59 0.45 0 0.0
d1260 60 0.45 0 0.0
d1261 61 0.45 0 0.0
d1262 62 0.45 0 0.0
d1263 63 0.45 0 0.0
d1264 64 0.45 0 0.0
d446 46 0.05 59 0.26458867359906435
d447 47 0.05 0 0.0
d448 48 0.05 0 0.0
d449 49 0.05 0 0.0
d450 50 0.05 0 0.0
d451 51 0.05 0 0.0
d452 52 0.05 0 0.0
d453 53 0.05 0 0.0
d454 54 0.05 0 0.0
d455 55 0.05 0 0.0
d456 56 0.05 0 0.0
d457 57 0.05 0 0.0
d458 58 0.05 0 0.0
d459 59 0.05 0 0.0
d460 60 0.05 0 0.0
d461 61 0.05 0 0.0
d462 62 0.05 0 0.0
d463 63 0.05 0 0.0
d464 64 0.05 0 0.0
d465 65 0.05 0 0.0
d466 66 0.05 0 0.0
d467 67 0.05 0 0.0
d468 68 0.05 0 0.0
d469 69 0.05 0 0.0
d652 52 0.15 0 0.0
d653 53 0.15 0 0.0
d654 54 0.15 0 0.0
d655 55 0.15 0 0.0
d656 56 0.15 0 0.0
d657 57 0.15 0 0.0
d658 58 0.15 0 0.0
d659 59 0.15 0 0.0
d660 60 0.15 0 0.0
d661 61 0.15 46 4.237951710820198
d662 62 0.15 0 0.0
d663 63 0.15 0 0.0
d664 64 0.15 0 0.0
d665 65 0.15 0 0.0
d666 66 0.15 0 0.0
d667 67 0.15 0 0.0
d668 68 0.15 0 0.0
d669 69 0.15 0 0.0
d670 70 0.15 0 0.0
d671 71 0.15 0 0.0
d672 72 0.15 0 0.0
d673 73 0.15 0 0.0
d674 74 0.15 0 0.0
d857 57 0.25 34 49.39398169517517
d858 58 0.25 34 24.721425771713257
d859 59 0.25 0 0.0
d860 60 0.25 69 10.859569907188416
d861 61 0.25 0 0.0
d862 62 0.25 0 0.0
d863 63 0.25 0 0.0
d864 64 0.25 0 0.0
d865 65 0.25 0 0.0
d866 66 0.25 0 0.0
d867 67 0.25 0 0.0
d868 68 0.25 0 0.0
d869 69 0.25 0 0.0
d870 70 0.25 0 0.0
d871 71 0.25 0 0.0
d872 72 0.25 0 0.0
d873 73 0.25 0 0.0
d874 74 0.25 0 0.0
d875 75 0.25 0 0.0
d876 76 0.25 0 0.0
d877 77 0.25 0 0.0
d1061 61 0.35 0 0.0
d1062 62 0.35 42 30.59774935245514
d1063 63 0.35 0 0.0
d1064 64 0.35 0 0.0
d1065 65 0.35 0 0.0
d1066 66 0.35 0 0.0
d1067 67 0.35 0 0.0
d1068 68 0.35 0 0.0
d1069 69 0.35 0 0.0
d1070 70 0.35 0 0.0
d1071 71 0.35 0 0.0
d1072 72 0.35 0 0.0
d1073 73 0.35 0 0.0
d1074 74 0.35 0 0.0
d1075 75 0.35 0 0.0
d1076 76 0.35 0 0.0
d1077 77 0.35 0 0.0
d1078 78 0.35 0 0.0
d1079 79 0.35 0 0.0
d1080 80 0.35 0 0.0
d1081 81 0.35 0 0.0
d1265 65 0.45 0 0.0
d1266 66 0.45 0 0.0
d1267 67 0.45 0 0.0
d1268 68 0.45 0 0.0
d1269 69 0.45 0 0.0
d1270 70 0.45 0 0.0
d1271 71 0.45 0 0.0
d1272 72 0.45 0 0.0
d1273 73 0.45 0 0.0
d1274 74 0.45 0 0.0
d1275 75 0.45 0 0.0
d1276 76 0.45 0 0.0
d1277 77 0.45 0 0.0
d1278 78 0.45 0 0.0
d1279 79 0.45 0 0.0
d1280 80 0.45 0 0.0
d1281 81 0.45 0 0.0
d1282 82 0.45 0 0.0
d1283 83 0.45 0 0.0
d1284 84 0.45 73 64.3460214138031
d1285 85 0.45 0 0.0
d1286 86 0.45 0 0.0
d470 70 0.05 0 0.0
d471 71 0.05 0 0.0
d472 72 0.05 0 0.0
d473 73 0.05 0 0.0
