d500 00 0.10 0 0.0
d501 01 0.10 0 0.0
d502 02 0.10 0 0.0
d503 03 0.10 0 0.0
d504 04 0.10 0 0.0
d505 05 0.10 0 0.0
d506 06 0.10 0 0.0
d507 07 0.10 0 0.0
d508 08 0.10 0 0.0
d509 09 0.10 0 0.0
d510 10 0.10 0 0.0
d511 11 0.10 0 0.0
d512 12 0.10 0 0.0
d513 13 0.10 0 0.0
d514 14 0.10 0 0.0
d515 15 0.10 0 0.0
d516 16 0.10 0 0.0
d517 17 0.10 14 18.19332093000412
d518 18 0.10 0 0.0
d519 19 0.10 0 0.0
d520 20 0.10 0 0.0
d521 21 0.10 0 0.0
d522 22 0.10 0 0.0
d523 23 0.10 0 0.0
d524 24 0.10 0 0.0
d525 25 0.10 0 0.0
d526 26 0.10 0 0.0
d527 27 0.10 0 0.0
d528 28 0.10 0 0.0
d529 29 0.10 0 0.0
d530 30 0.10 0 0.0
d531 31 0.10 0 0.0
d532 32 0.10 0 0.0
d533 33 0.10 0 0.0
d534 34 0.10 0 0.0
d535 35 0.10 0 0.0
d536 36 0.10 0 0.0
d537 37 0.10 0 0.0
